7 14 9 0 4 5 5 5 10 8 18 3 5 7 10 3 1 0 2 
0 0 0 0 0 0 0 0 0 0 0 0 0 0 0 0 0 0 0 
0 2 2 2 0 2 4 4 2 5 10 0 9 0 3 0 0 0 4 
0 0 0 0 0 0 0 0 0 0 0 0 0 0 0 0 0 0 0 
0 0 0 0 0 0 0 0 0 0 0 0 0 0 0 0 0 0 0 
0 0 0 0 0 0 0 0 0 0 0 0 0 0 0 0 0 0 0 
0 19 6 0 7 1 5 9 7 7 20 4 10 6 6 2 3 4 5 
0 0 0 0 0 0 0 0 0 0 0 0 0 0 0 0 0 0 0 
0 0 0 0 0 0 0 0 0 0 0 0 0 0 0 0 0 0 0 
0 0 0 0 0 0 0 0 0 0 0 0 0 0 0 0 0 0 0 
5 9 11 2 2 3 4 6 1 12 15 0 7 0 5 0 1 0 2 
4 8 7 1 1 1 1 2 1 4 5 0 3 0 0 0 0 0 1 
2 14 3 0 5 1 3 4 7 4 8 2 9 4 3 6 1 3 3 
0 0 0 0 0 0 0 0 0 0 0 0 0 0 0 0 0 0 0 
0 0 0 0 0 0 0 0 0 0 0 0 0 0 0 0 0 0 0 
8 19 19 0 6 7 8 6 15 13 29 6 6 4 13 4 3 0 3 
0 0 0 0 0 0 0 0 0 0 0 0 0 0 0 0 0 0 0 
0 0 0 0 0 0 0 0 0 0 0 0 0 0 0 0 0 0 0 
0 0 0 0 0 0 0 0 0 0 0 0 0 0 0 0 0 0 0 
0 0 0 0 0 0 0 0 0 0 0 0 0 0 0 0 0 0 0 
0 11 5 0 7 3 10 4 10 2 10 2 7 5 7 5 0 0 1 
0 16 2 0 4 1 3 5 4 4 14 6 7 5 5 3 1 4 2 
0 9 5 0 3 0 3 6 3 4 8 1 3 5 4 1 0 1 2 
0 13 6 1 7 8 13 7 15 10 23 4 9 8 12 7 1 1 4 
4 10 12 2 2 2 1 5 2 5 8 1 2 0 2 0 0 0 2 
0 8 5 0 1 2 2 1 5 5 8 0 2 0 2 1 2 0 4 
0 0 0 0 0 0 0 0 0 0 0 0 0 0 0 0 0 0 0 
0 0 0 0 0 0 0 0 0 0 0 0 0 0 0 0 0 0 0 
2 3 3 2 0 2 2 6 4 3 6 2 2 1 3 0 0 0 5 
0 0 0 0 0 0 0 0 0 0 0 0 0 0 0 0 0 0 0 
0 0 0 0 0 0 0 0 0 0 0 0 0 0 0 0 0 0 0 
0 0 0 0 0 0 0 0 0 0 0 0 0 0 0 0 0 0 0 
0 0 0 0 0 0 0 0 0 0 0 0 0 0 0 0 0 0 0 
7 10 7 1 2 7 6 5 9 5 12 2 5 3 6 2 0 0 2 
0 0 0 0 0 0 0 0 0 0 0 0 0 0 0 0 0 0 0 
1 17 4 0 4 1 3 7 5 5 15 5 7 3 2 4 1 6 3 
0 7 6 0 0 6 7 4 8 8 19 2 1 6 9 4 2 0 8 
0 0 0 0 0 0 0 0 0 0 0 0 0 0 0 0 0 0 0 
0 0 0 0 0 0 0 0 0 0 0 0 0 0 0 0 0 0 0 
1 5 6 1 1 1 2 2 1 3 2 0 2 0 0 0 0 0 1 
0 24 14 0 12 3 13 10 21 9 29 10 10 4 8 5 3 3 7 
0 0 0 0 0 0 0 0 0 0 0 0 0 0 0 0 0 0 0 
0 0 0 0 0 0 0 0 0 0 0 0 0 0 0 0 0 0 0 
0 0 0 0 0 0 0 0 0 0 0 0 0 0 0 0 0 0 0 
0 5 4 0 3 2 2 3 8 5 13 2 3 3 4 3 0 0 10 
0 15 9 0 8 4 8 5 23 4 23 5 6 5 14 4 0 1 6 
0 13 6 0 6 2 7 3 16 2 12 4 7 3 6 2 0 0 3 
0 20 9 0 11 6 14 8 15 9 35 6 12 7 11 7 2 2 7 
2 9 7 0 3 5 7 3 8 8 23 3 11 1 7 1 1 0 4 
0 0 0 0 0 0 0 0 0 0 0 0 0 0 0 0 0 0 0 
1 16 9 0 5 2 7 3 16 3 19 8 5 0 6 1 0 1 2 
0 0 0 0 0 0 0 0 0 0 0 0 0 0 0 0 0 0 0 
1 8 3 0 5 1 1 1 10 3 10 3 2 0 3 2 0 0 1 
0 0 0 0 0 0 0 0 0 0 0 0 0 0 0 0 0 0 0 
0 10 8 0 4 0 2 2 12 1 14 3 3 0 4 2 0 0 0 
0 0 0 0 0 0 0 0 0 0 0 0 0 0 0 0 0 0 0 
0 0 0 0 0 0 0 0 0 0 0 0 0 0 0 0 0 0 0 
0 4 3 0 2 0 0 3 9 3 5 6 1 0 0 2 0 1 3 
0 0 0 0 0 0 0 0 0 0 0 0 0 0 0 0 0 0 0 
0 1 0 1 2 1 1 5 11 4 4 2 3 0 1 2 0 0 8 
0 0 0 0 0 0 0 0 0 0 0 0 0 0 0 0 0 0 0 
0 0 0 0 0 0 0 0 0 0 0 0 0 0 0 0 0 0 0 
0 0 0 0 0 0 0 0 0 0 0 0 0 0 0 0 0 0 0 
0 4 4 1 1 5 6 3 6 8 15 0 4 4 6 4 2 0 5 
0 0 0 0 0 0 0 0 0 0 0 0 0 0 0 0 0 0 0 
3 4 11 2 2 2 1 3 0 6 7 0 4 0 1 0 0 0 1 
0 9 2 0 6 3 7 2 7 8 21 2 9 8 12 7 1 0 7 
0 0 0 0 0 0 0 0 0 0 0 0 0 0 0 0 0 0 0 
0 0 0 0 0 0 0 0 0 0 0 0 0 0 0 0 0 0 0 
0 0 0 0 0 0 0 0 0 0 0 0 0 0 0 0 0 0 0 
0 0 0 0 0 0 0 0 0 0 0 0 0 0 0 0 0 0 0 
0 0 0 0 0 0 0 0 0 0 0 0 0 0 0 0 0 0 0 
0 0 0 0 0 0 0 0 0 0 0 0 0 0 0 0 0 0 0 
0 0 0 0 0 0 0 0 0 0 0 0 0 0 0 0 0 0 0 
5 20 14 0 5 7 13 8 17 11 31 6 8 9 12 5 3 0 4 
3 11 7 1 2 1 4 3 2 10 19 1 7 0 4 0 0 0 4 
0 0 0 0 0 0 0 0 0 0 0 0 0 0 0 0 0 0 0 
4 4 10 2 1 1 2 3 0 5 2 0 2 0 0 0 0 0 1 
0 0 0 0 0 0 0 0 0 0 0 0 0 0 0 0 0 0 0 
1 11 7 0 6 2 9 3 16 3 17 4 9 2 9 4 0 1 4 
0 13 4 0 4 1 2 2 14 2 13 8 5 0 4 1 0 3 3 
5 11 12 2 2 3 5 6 5 10 14 2 7 0 6 0 1 0 2 
4 0 2 2 1 2 2 3 8 2 6 2 4 3 6 0 0 0 6 
7 11 13 2 0 3 3 7 7 13 15 2 6 0 5 0 1 0 2 
0 0 0 0 0 0 0 0 0 0 0 0 0 0 0 0 0 0 0 
1 8 2 0 5 1 1 5 7 3 7 1 6 3 3 5 0 1 3 
9 17 12 0 2 5 4 5 11 8 14 4 4 0 6 1 1 0 0 
0 0 0 0 0 0 0 0 0 0 0 0 0 0 0 0 0 0 0 
1 26 11 0 9 3 12 8 16 8 29 8 9 5 11 4 2 4 4 
2 8 8 1 2 2 4 1 3 10 20 1 6 0 5 0 0 0 2 
0 7 2 0 2 2 4 1 5 6 9 2 3 3 5 3 0 0 7 
0 16 2 0 3 1 2 5 4 3 8 7 8 1 1 3 0 2 3 
0 5 4 0 4 3 4 4 8 5 13 2 0 1 6 5 0 0 4 
1 1 2 2 1 3 3 3 7 5 7 0 3 3 5 2 0 0 9 
1 7 3 0 0 2 2 2 2 7 14 0 3 0 5 0 0 0 4 
0 0 0 0 0 0 0 0 0 0 0 0 0 0 0 0 0 0 0 
0 10 4 0 4 0 4 5 2 4 9 2 4 5 5 1 2 2 1 
0 10 5 0 2 3 2 3 7 5 12 1 1 0 3 4 0 0 3 
0 19 5 0 5 2 3 6 8 1 17 7 5 1 2 5 0 5 1 
1 12 3 0 3 0 2 6 2 5 8 1 7 4 4 1 2 2 1 
0 5 5 0 1 3 5 4 7 8 10 1 1 0 3 4 2 0 5 
0 12 8 0 1 4 6 5 7 4 12 4 5 0 4 2 2 0 5 
0 0 0 0 0 0 0 0 0 0 0 0 0 0 0 0 0 0 0 
0 0 0 0 0 0 0 0 0 0 0 0 0 0 0 0 0 0 0 
0 0 0 0 0 0 0 0 0 0 0 0 0 0 0 0 0 0 0 
0 0 0 0 0 0 0 0 0 0 0 0 0 0 0 0 0 0 0 
0 0 0 0 0 0 0 0 0 0 0 0 0 0 0 0 0 0 0 
0 0 0 0 0 0 0 0 0 0 0 0 0 0 0 0 0 0 0 
1 22 9 0 9 3 7 9 9 9 26 7 7 5 6 5 2 5 4 
3 21 8 1 3 5 13 9 17 10 25 6 10 8 14 5 2 0 7 
0 16 8 0 6 3 11 6 15 7 15 4 8 4 12 5 2 3 5 
0 0 0 0 0 0 0 0 0 0 0 0 0 0 0 0 0 0 0 
0 0 0 0 0 0 0 0 0 0 0 0 0 0 0 0 0 0 0 
0 0 0 0 0 0 0 0 0 0 0 0 0 0 0 0 0 0 0 
0 0 0 0 0 0 0 0 0 0 0 0 0 0 0 0 0 0 0 
4 10 5 1 1 2 8 4 5 5 9 1 1 0 5 2 0 0 3 
0 0 0 0 0 0 0 0 0 0 0 0 0 0 0 0 0 0 0 
0 0 0 0 0 0 0 0 0 0 0 0 0 0 0 0 0 0 0 
1 1 5 2 1 1 4 4 2 9 14 0 4 0 2 0 0 0 4 
0 0 0 0 0 0 0 0 0 0 0 0 0 0 0 0 0 0 0 
0 9 4 0 5 3 8 4 13 3 17 4 9 8 9 2 0 0 7 
0 11 6 0 2 0 3 6 2 3 12 1 5 5 5 1 1 3 2 
0 0 0 0 0 0 0 0 0 0 0 0 0 0 0 0 0 0 0 
0 0 0 0 0 0 0 0 0 0 0 0 0 0 0 0 0 0 0 
5 15 12 0 7 6 11 10 13 12 30 5 9 8 14 6 2 0 4 
0 1 2 1 2 1 1 5 9 2 4 2 3 0 1 2 0 0 7 
0 12 4 0 4 1 4 2 14 1 11 10 2 0 4 2 0 0 0 
0 0 0 0 0 0 0 0 0 0 0 0 0 0 0 0 0 0 0 
0 0 0 0 0 0 0 0 0 0 0 0 0 0 0 0 0 0 0 
0 0 0 0 0 0 0 0 0 0 0 0 0 0 0 0 0 0 0 
0 0 0 0 0 0 0 0 0 0 0 0 0 0 0 0 0 0 0 
0 2 4 2 0 4 5 4 3 9 17 0 6 0 5 0 0 0 2 
0 0 0 0 0 0 0 0 0 0 0 0 0 0 0 0 0 0 0 
4 7 1 0 0 5 2 2 5 5 11 2 6 6 8 0 0 0 2 
1 1 3 1 1 1 3 3 2 3 8 0 4 0 2 0 0 0 2 
0 6 1 0 0 2 5 1 2 6 17 0 6 2 4 0 0 0 3 
0 0 0 0 0 0 0 0 0 0 0 0 0 0 0 0 0 0 0 
0 5 3 0 1 3 4 2 3 10 18 0 5 0 5 0 0 0 4 
0 3 2 0 0 2 4 2 3 4 12 0 3 0 2 0 0 0 4 
0 0 0 0 0 0 0 0 0 0 0 0 0 0 0 0 0 0 0 
0 0 0 0 0 0 0 0 0 0 0 0 0 0 0 0 0 0 0 
6 19 10 1 2 5 9 6 14 12 21 6 4 4 12 4 2 0 3 
0 0 0 0 0 0 0 0 0 0 0 0 0 0 0 0 0 0 0 
7 8 3 0 1 2 2 3 7 3 7 2 3 0 4 0 0 0 0 
0 0 0 0 0 0 0 0 0 0 0 0 0 0 0 0 0 0 0 
0 0 0 0 0 0 0 0 0 0 0 0 0 0 0 0 0 0 0 
0 0 0 0 0 0 0 0 0 0 0 0 0 0 0 0 0 0 0 
3 3 6 0 0 1 3 2 2 5 5 0 2 0 0 0 0 0 2 
0 10 4 0 4 2 8 4 9 6 10 3 5 2 5 1 0 3 3 
0 0 0 0 0 0 0 0 0 0 0 0 0 0 0 0 0 0 0 
0 15 4 0 3 1 2 3 9 4 12 6 6 2 2 3 0 5 4 
0 3 2 0 0 2 4 2 4 6 13 0 4 0 3 0 0 0 4 
0 0 0 0 0 0 0 0 0 0 0 0 0 0 0 0 0 0 0 
0 0 0 0 0 0 0 0 0 0 0 0 0 0 0 0 0 0 0 
0 0 0 0 0 0 0 0 0 0 0 0 0 0 0 0 0 0 0 
0 10 2 0 2 0 2 5 1 3 7 1 5 5 4 1 0 1 2 
2 8 6 1 0 9 10 5 7 9 15 1 2 3 6 3 1 0 6 
0 0 0 0 0 0 0 0 0 0 0 0 0 0 0 0 0 0 0 
1 11 3 0 0 4 3 3 3 6 14 2 5 0 6 0 0 0 3 
0 0 0 0 0 0 0 0 0 0 0 0 0 0 0 0 0 0 0 
0 3 1 0 0 1 3 2 2 5 9 0 2 0 2 0 0 0 4 
0 4 2 0 1 0 0 1 11 3 7 5 2 0 0 3 0 1 2 
0 11 4 0 4 0 4 3 6 5 10 5 4 1 2 1 1 2 2 
2 8 4 0 1 1 2 1 0 3 5 2 2 0 4 0 0 0 1 
1 8 7 2 1 3 3 4 3 10 20 0 5 0 5 0 0 0 4 
0 0 0 0 0 0 0 0 0 0 0 0 0 0 0 0 0 0 0 
0 13 7 0 4 0 5 6 2 4 10 3 7 2 2 1 2 3 1 
0 0 0 0 0 0 0 0 0 0 0 0 0 0 0 0 0 0 0 
1 10 5 0 2 1 1 4 3 5 7 2 4 2 3 1 3 1 0 
0 2 2 1 0 1 1 4 7 5 4 2 2 1 2 2 0 0 8 
0 0 0 0 0 0 0 0 0 0 0 0 0 0 0 0 0 0 0 
0 12 6 1 2 8 11 7 12 7 21 3 4 8 12 6 1 0 6 
0 0 0 0 0 0 0 0 0 0 0 0 0 0 0 0 0 0 0 
0 0 0 0 0 0 0 0 0 0 0 0 0 0 0 0 0 0 0 
0 0 0 0 0 0 0 0 0 0 0 0 0 0 0 0 0 0 0 
0 0 0 0 0 0 0 0 0 0 0 0 0 0 0 0 0 0 0 
0 0 0 0 0 0 0 0 0 0 0 0 0 0 0 0 0 0 0 
1 8 2 0 0 3 5 3 3 8 15 0 5 0 3 0 0 0 5 
0 0 0 0 0 0 0 0 0 0 0 0 0 0 0 0 0 0 0 
4 4 10 2 1 1 2 3 0 5 2 0 2 0 0 0 0 0 1 
0 11 5 0 6 0 7 6 2 8 16 2 5 5 4 1 3 2 2 
2 6 7 1 2 4 5 4 3 11 20 0 7 0 5 0 0 0 5 
0 0 0 0 0 0 0 0 0 0 0 0 0 0 0 0 0 0 0 
2 11 9 2 2 2 1 3 1 9 8 0 3 0 4 0 0 0 1 
0 0 0 0 0 0 0 0 0 0 0 0 0 0 0 0 0 0 0 
0 0 0 0 0 0 0 0 0 0 0 0 0 0 0 0 0 0 0 
2 8 2 0 0 1 3 1 0 3 6 2 2 0 2 0 0 0 2 
2 16 7 0 4 5 8 4 16 4 14 4 5 0 2 2 0 0 3 
0 0 0 0 0 0 0 0 0 0 0 0 0 0 0 0 0 0 0 
1 3 3 0 0 1 3 1 0 5 9 0 1 0 1 0 0 0 2 
3 9 2 0 1 5 8 4 3 5 13 1 2 1 4 3 0 0 6 
0 0 0 0 0 0 0 0 0 0 0 0 0 0 0 0 0 0 0 
3 6 8 1 1 1 2 2 1 3 3 0 2 0 0 0 0 0 1 
0 0 0 0 0 0 0 0 0 0 0 0 0 0 0 0 0 0 0 
0 0 0 0 0 0 0 0 0 0 0 0 0 0 0 0 0 0 0 
2 8 4 1 7 8 10 3 12 7 27 3 10 7 13 4 1 0 7 
0 4 2 0 3 0 0 3 10 3 6 5 1 0 0 1 0 1 2 
4 6 5 0 1 3 2 3 5 5 6 0 0 0 2 2 0 0 4 
4 10 8 1 2 0 1 4 1 3 12 0 1 0 5 0 0 0 2 
0 9 6 1 0 6 5 4 11 6 20 3 4 4 9 4 0 0 11 
0 0 0 0 0 0 0 0 0 0 0 0 0 0 0 0 0 0 0 
0 18 9 0 7 3 10 9 18 8 23 5 11 7 11 2 2 1 7 
2 4 6 0 2 4 3 2 2 9 11 0 6 0 3 0 0 0 3 
0 0 0 0 0 0 0 0 0 0 0 0 0 0 0 0 0 0 0 
3 4 7 0 2 1 3 2 2 5 13 0 6 0 2 0 0 0 4 
0 0 0 0 0 0 0 0 0 0 0 0 0 0 0 0 0 0 0 
0 2 3 0 3 0 4 4 7 2 5 1 3 4 6 4 0 0 7 
2 16 5 0 5 3 8 10 6 7 16 2 9 6 7 3 2 4 2 
0 0 0 0 0 0 0 0 0 0 0 0 0 0 0 0 0 0 0 
0 0 0 0 0 0 0 0 0 0 0 0 0 0 0 0 0 0 0 
0 7 6 0 4 1 4 2 13 5 7 1 4 0 3 2 0 0 2 
5 11 9 1 2 0 1 4 2 3 11 0 1 0 4 0 0 0 1 
0 9 6 0 2 1 2 3 11 4 12 2 2 0 4 2 1 0 4 
3 2 6 0 0 1 3 1 2 3 6 0 2 0 0 0 0 0 1 
0 0 0 0 0 0 0 0 0 0 0 0 0 0 0 0 0 0 0 
0 0 0 0 0 0 0 0 0 0 0 0 0 0 0 0 0 0 0 
0 0 0 0 0 0 0 0 0 0 0 0 0 0 0 0 0 0 0 
0 13 4 0 4 0 4 1 16 1 14 8 4 0 3 1 0 1 3 
0 7 2 0 4 1 2 4 4 1 9 1 5 4 4 2 0 0 3 
0 0 0 0 0 0 0 0 0 0 0 0 0 0 0 0 0 0 0 
0 0 0 0 0 0 0 0 0 0 0 0 0 0 0 0 0 0 0 
0 0 0 0 0 0 0 0 0 0 0 0 0 0 0 0 0 0 0 
1 21 5 0 6 1 3 4 12 5 19 5 8 0 5 3 0 3 6 
0 0 0 0 0 0 0 0 0 0 0 0 0 0 0 0 0 0 0 
0 0 0 0 0 0 0 0 0 0 0 0 0 0 0 0 0 0 0 
1 5 7 2 2 5 7 5 2 10 20 0 7 0 1 0 0 0 5 
0 0 0 0 0 0 0 0 0 0 0 0 0 0 0 0 0 0 0 
0 0 0 0 0 0 0 0 0 0 0 0 0 0 0 0 0 0 0 
0 0 0 0 0 0 0 0 0 0 0 0 0 0 0 0 0 0 0 
0 0 0 0 0 0 0 0 0 0 0 0 0 0 0 0 0 0 0 
0 0 0 0 0 0 0 0 0 0 0 0 0 0 0 0 0 0 0 
0 0 0 0 0 0 0 0 0 0 0 0 0 0 0 0 0 0 0 
5 3 3 2 0 2 2 5 4 2 5 2 2 0 3 0 0 0 5 
2 11 1 0 2 1 1 8 2 3 8 1 5 4 4 4 0 2 1 
0 11 6 0 5 0 3 2 14 1 13 5 2 0 4 2 0 0 0 
0 14 4 0 5 4 5 3 8 4 16 5 8 4 4 3 0 1 5 
0 0 0 0 0 0 0 0 0 0 0 0 0 0 0 0 0 0 0 
0 0 0 0 0 0 0 0 0 0 0 0 0 0 0 0 0 0 0 
0 0 0 0 0 0 0 0 0 0 0 0 0 0 0 0 0 0 0 
5 11 3 0 0 1 0 4 6 3 11 1 2 0 6 0 0 0 2 
0 16 4 0 3 1 2 5 6 4 11 5 8 2 2 4 0 6 4 
7 12 10 1 3 7 5 5 12 6 16 5 6 5 8 1 2 0 1 
0 0 0 0 0 0 0 0 0 0 0 0 0 0 0 0 0 0 0 
0 0 0 0 0 0 0 0 0 0 0 0 0 0 0 0 0 0 0 
0 0 0 0 0 0 0 0 0 0 0 0 0 0 0 0 0 0 0 
0 0 0 0 0 0 0 0 0 0 0 0 0 0 0 0 0 0 0 
0 0 0 0 0 0 0 0 0 0 0 0 0 0 0 0 0 0 0 
0 0 0 0 0 0 0 0 0 0 0 0 0 0 0 0 0 0 0 
1 16 6 0 6 2 6 2 13 3 16 7 6 1 5 4 0 1 3 
0 0 0 0 0 0 0 0 0 0 0 0 0 0 0 0 0 0 0 
0 0 0 0 0 0 0 0 0 0 0 0 0 0 0 0 0 0 0 
0 1 3 2 0 3 6 4 3 6 14 0 6 0 4 0 0 0 4 
0 0 0 0 0 0 0 0 0 0 0 0 0 0 0 0 0 0 0 
2 1 2 1 0 1 3 1 1 1 6 0 3 0 3 0 0 0 0 
1 1 2 1 0 2 3 3 5 4 4 0 2 1 2 1 0 0 9 
0 0 0 0 0 0 0 0 0 0 0 0 0 0 0 0 0 0 0 
0 0 0 0 0 0 0 0 0 0 0 0 0 0 0 0 0 0 0 
0 0 0 0 0 0 0 0 0 0 0 0 0 0 0 0 0 0 0 
3 3 4 2 0 8 7 4 4 11 11 0 2 2 3 2 0 0 8 
0 19 5 0 7 0 4 8 4 4 14 6 10 3 6 3 3 6 1 
1 13 5 0 3 0 4 8 2 7 12 1 8 5 4 1 3 2 2 
2 0 2 1 1 2 4 2 5 4 4 0 2 1 3 1 0 0 8 
0 0 0 0 0 0 0 0 0 0 0 0 0 0 0 0 0 0 0 
0 0 0 0 0 0 0 0 0 0 0 0 0 0 0 0 0 0 0 
3 7 9 1 2 2 4 3 2 9 14 1 6 0 4 0 0 0 4 
0 14 8 0 4 2 2 5 8 2 16 1 3 1 2 2 1 0 0 
0 0 0 0 0 0 0 0 0 0 0 0 0 0 0 0 0 0 0 
0 0 0 0 0 0 0 0 0 0 0 0 0 0 0 0 0 0 0 
0 0 0 0 0 0 0 0 0 0 0 0 0 0 0 0 0 0 0 
0 0 0 0 0 0 0 0 0 0 0 0 0 0 0 0 0 0 0 
0 0 0 0 0 0 0 0 0 0 0 0 0 0 0 0 0 0 0 
0 25 12 0 13 3 14 8 21 12 27 6 11 6 11 6 2 4 6 
0 13 4 0 3 0 4 8 2 6 12 4 7 3 2 2 2 6 3 
0 0 0 0 0 0 0 0 0 0 0 0 0 0 0 0 0 0 0 
0 0 0 0 0 0 0 0 0 0 0 0 0 0 0 0 0 0 0 
0 0 0 0 0 0 0 0 0 0 0 0 0 0 0 0 0 0 0 
0 0 0 0 0 0 0 0 0 0 0 0 0 0 0 0 0 0 0 
5 11 6 1 1 4 3 3 7 4 13 4 3 1 6 0 0 0 1 
0 0 0 0 0 0 0 0 0 0 0 0 0 0 0 0 0 0 0 
0 0 0 0 0 0 0 0 0 0 0 0 0 0 0 0 0 0 0 
0 0 0 0 0 0 0 0 0 0 0 0 0 0 0 0 0 0 0 
0 0 0 0 0 0 0 0 0 0 0 0 0 0 0 0 0 0 0 
0 0 0 0 0 0 0 0 0 0 0 0 0 0 0 0 0 0 0 
1 6 3 1 5 7 9 2 11 6 23 3 8 6 10 3 0 0 3 
0 14 3 0 4 1 2 5 7 4 14 4 6 4 4 4 0 2 3 
1 13 6 0 3 2 4 6 4 7 14 2 6 6 5 2 1 2 2 
0 0 0 0 0 0 0 0 0 0 0 0 0 0 0 0 0 0 0 
0 14 8 0 7 4 9 6 14 11 26 2 9 8 10 6 2 2 11 
0 0 0 0 0 0 0 0 0 0 0 0 0 0 0 0 0 0 0 
0 0 0 0 0 0 0 0 0 0 0 0 0 0 0 0 0 0 0 
4 2 5 0 0 3 5 2 3 5 7 0 1 1 2 1 0 0 9 
0 0 0 0 0 0 0 0 0 0 0 0 0 0 0 0 0 0 0 
0 0 0 0 0 0 0 0 0 0 0 0 0 0 0 0 0 0 0 
0 0 0 0 0 0 0 0 0 0 0 0 0 0 0 0 0 0 0 
1 2 5 1 2 1 1 1 1 6 12 0 2 0 1 0 0 0 1 
0 0 0 0 0 0 0 0 0 0 0 0 0 0 0 0 0 0 0 
0 0 0 0 0 0 0 0 0 0 0 0 0 0 0 0 0 0 0 
0 0 0 0 0 0 0 0 0 0 0 0 0 0 0 0 0 0 0 
0 0 0 0 0 0 0 0 0 0 0 0 0 0 0 0 0 0 0 
0 0 0 0 0 0 0 0 0 0 0 0 0 0 0 0 0 0 0 
0 0 0 0 0 0 0 0 0 0 0 0 0 0 0 0 0 0 0 
0 0 0 0 0 0 0 0 0 0 0 0 0 0 0 0 0 0 0 
1 3 3 2 1 3 2 4 3 6 15 0 9 0 4 0 0 0 3 
0 0 0 0 0 0 0 0 0 0 0 0 0 0 0 0 0 0 0 
0 0 0 0 0 0 0 0 0 0 0 0 0 0 0 0 0 0 0 
0 0 0 0 0 0 0 0 0 0 0 0 0 0 0 0 0 0 0 
0 0 0 0 0 0 0 0 0 0 0 0 0 0 0 0 0 0 0 
0 6 4 0 3 2 6 2 7 7 7 2 5 6 5 1 0 0 9 
0 3 6 2 2 4 4 5 2 12 17 0 7 0 3 0 0 0 5 
0 0 0 0 0 0 0 0 0 0 0 0 0 0 0 0 0 0 0 
0 0 0 0 0 0 0 0 0 0 0 0 0 0 0 0 0 0 0 
0 6 2 0 3 4 7 2 6 8 15 1 4 1 2 4 2 0 7 
0 0 0 0 0 0 0 0 0 0 0 0 0 0 0 0 0 0 0 
0 0 0 0 0 0 0 0 0 0 0 0 0 0 0 0 0 0 0 
0 23 6 0 7 1 6 5 17 3 15 7 9 3 10 3 0 2 4 
5 7 3 0 1 0 3 3 5 2 9 3 2 1 2 0 0 0 1 
7 7 4 2 1 5 3 7 7 6 4 3 4 2 0 0 0 0 5 
0 0 0 0 0 0 0 0 0 0 0 0 0 0 0 0 0 0 0 
6 6 4 0 1 2 0 3 6 2 8 4 3 0 4 0 0 0 1 
0 0 3 2 0 3 4 5 0 8 14 0 7 0 4 0 0 0 5 
0 13 4 0 2 1 5 3 5 3 10 3 5 5 3 2 1 5 3 
0 14 5 0 6 4 10 4 16 3 22 5 10 3 9 3 1 0 7 
